100
10 86 5618
84 10 3207
95 84 8206
23 95 5517
45 23 534
15 45 1348
83 15 6663
12 83 1182
56 12 2033
57 56 1119
51 57 1317
93 51 640
47 93 616
72 47 1579
35 72 4662
25 35 984
32 25 518
79 32 4450
100 79 4618
6 100 3729
64 6 658
48 64 975
85 48 1135
8 85 4248
83 8 3350
82 83 1405
76 82 6046
27 76 4464
28 27 740
75 28 4050
92 75 5784
60 92 1098
10 60 1808
8 10 21
87 8 144
84 87 6101
2 84 6939
45 2 60
17 45 853
89 17 887
1 89 214
45 1 694
37 45 1336
33 37 1128
25 33 371
15 25 93
70 15 417
82 70 3443
35 82 3393
39 35 1238
29 39 881
64 29 2215
49 64 2673
88 49 5068
12 88 2765
3 12 36
54 3 2562
24 54 1834
47 24 1344
30 47 632
63 30 2070
29 63 1241
3 29 457
68 3 545
51 68 707
78 51 415
90 78 6199
97 90 9143
46 97 1791
21 46 1974
22 21 424
58 22 2132
67 58 4005
88 67 2713
20 88 7561
20 20 144
67 20 4280
54 67 1875
46 54 1294
59 46 2693
49 59 97
65 49 748
8 65 3801
48 8 1043
64 48 531
39 64 2343
40 39 167
80 40 557
97 80 977
53 97 6289
23 53 1590
28 23 394
53 28 1196
71 53 550
22 71 1464
20 22 472
54 20 1814
47 54 2033
11 47 706
97 11 2723
