200
5 17 184
30 5 749
199 30 14271
130 199 7275
105 130 8074
37 105 5857
143 37 3424
155 143 20147
79 155 9269
75 79 4855
16 75 1145
109 16 6966
12 109 6937
152 12 15908
122 152 23102
176 122 12554
145 176 8552
180 145 1350
89 180 24751
133 89 9466
62 133 9224
38 62 3074
146 38 18714
133 146 16056
151 133 1067
134 151 13745
51 134 2705
108 51 7795
29 108 7882
187 29 18740
164 187 12318
138 164 14564
150 138 12278
60 150 7068
49 60 1495
200 49 19965
106 200 37192
163 106 22977
122 163 24477
67 122 12818
159 67 2489
24 159 10106
198 24 16748
173 198 10629
133 173 699
56 133 10613
13 56 1686
106 13 4720
63 106 3904
147 63 9958
138 147 14746
82 138 6029
15 82 768
15 15 219
167 15 13020
29 167 21275
130 29 3026
189 130 32337
12 189 4248
12 12 72
79 12 3829
170 79 23418
115 170 23502
182 115 20487
131 182 32453
48 131 6858
68 48 4330
31 68 331
83 31 4666
93 83 6857
13 93 3464
163 13 2727
52 163 3450
133 52 16993
41 133 11524
102 41 8819
63 102 7704
81 63 5188
58 81 3940
55 58 2166
96 55 2837
73 96 5744
195 73 26163
150 195 17591
165 150 25026
38 165 833
4 38 975
149 4 20059
52 149 16895
187 52 3692
152 187 18505
51 152 19967
148 51 6724
86 148 14372
90 86 3324
42 90 5913
139 42 5854
162 139 14202
36 162 17500
200 36 17490
29 200 23866
105 29 2396
189 105 11145
79 189 19988
192 79 2743
67 192 29332
130 67 5895
47 130 10982
76 47 1813
137 76 16098
5 137 16525
39 5 312
21 39 210
62 21 578
13 62 1814
119 13 12946
196 119 24712
67 196 24664
42 67 3960
200 42 22628
193 200 16130
183 193 37083
35 183 9577
121 35 9626
88 121 13176
154 88 7022
152 154 4491
99 152 19292
8 99 9273
157 8 7659
68 157 2186
173 68 8166
101 173 17477
144 101 9517
170 144 26092
158 170 24454
199 158 4541
80 199 12415
125 80 7578
120 125 11255
118 120 8089
134 118 8580
59 134 3274
41 59 1268
128 41 9253
131 128 9283
44 131 7749
45 44 432
78 45 1444
9 78 5270
82 9 1336
74 82 3157
157 74 5930
99 157 19894
88 99 9644
83 88 2413
182 83 18014
125 182 222
111 125 8677
199 111 21745
72 199 2229
54 72 811
143 54 6980
115 143 7732
116 115 10345
139 116 12010
97 139 12346
125 97 11969
151 125 16421
83 151 10791
51 83 1235
48 51 529
10 48 1350
166 10 21630
54 166 24179
96 54 8683
17 96 2553
22 17 185
85 22 6271
12 85 611
4 12 87
16 4 235
3 16 248
115 3 12318
187 115 27050
95 187 20762
10 95 561
184 10 21244
188 184 23083
1 188 11581
116 1 5468
160 116 3867
71 160 10377
152 71 7724
199 152 22486
113 199 17298
100 113 4321
52 100 481
28 52 1214
187 28 937
