150
40 67 4342
77 40 572
103 77 3792
43 103 5927
131 43 7103
90 131 1790
22 90 250
74 22 868
71 74 1602
29 71 1914
104 29 3244
106 104 4119
78 106 6318
127 78 14837
18 127 4699
94 18 2472
90 94 798
50 90 232
61 50 2528
145 61 11520
142 145 14851
1 142 16887
83 1 2962
18 83 4323
76 18 1504
116 76 12955
107 116 2328
116 107 9631
97 116 6461
82 97 3285
74 82 3762
14 74 4947
80 14 4099
85 80 1993
120 85 8970
66 120 9454
24 66 1548
122 24 14779
146 122 20189
81 146 10255
85 81 3524
125 85 9538
5 125 12673
73 5 2058
101 73 7458
87 101 1297
58 87 1513
145 58 14774
48 145 1593
17 48 2017
4 17 230
77 4 4760
112 77 283
98 112 8631
15 98 1011
100 15 8454
60 100 1929
97 60 5405
108 97 6761
77 108 7866
32 77 5660
133 32 13853
90 133 8557
150 90 1519
72 150 8276
61 72 2519
138 61 13984
144 138 10885
91 144 7835
105 91 9329
78 105 8180
61 78 5772
107 61 4238
27 107 954
32 27 92
35 32 213
104 35 8014
61 104 3638
76 61 4706
131 76 2486
93 131 17100
35 93 6797
32 35 174
86 32 708
144 86 2113
8 144 6988
140 8 7167
71 140 6463
20 71 137
40 20 1564
4 40 718
106 4 10278
61 106 892
38 61 3412
48 38 1419
32 48 1841
27 32 125
134 27 8542
106 134 17494
118 106 2237
37 118 11910
98 37 1406
127 98 5928
75 127 13343
95 75 2476
3 95 6276
22 3 118
98 22 3951
114 98 1152
50 114 9330
70 50 482
132 70 7965
35 132 8476
48 35 575
72 48 3644
141 72 3934
142 141 16398
143 142 3548
76 143 17525
98 76 4098
89 98 9366
133 89 4559
17 133 12378
46 17 1012
30 46 1760
82 30 601
100 82 6079
76 100 8803
27 76 1961
125 27 12552
18 125 15551
5 18 170
88 5 3715
33 88 4285
68 33 1357
37 68 1426
64 37 3002
106 64 9954
19 106 4033
51 19 912
83 51 6640
102 83 478
38 102 9780
146 38 1462
46 146 17852
75 46 3923
112 75 7055
140 112 7900
76 140 10478
56 76 4371
